coverage risk
0.0050 0.0000
0.0100 0.0000
0.0150 0.0000
0.0200 0.0000
0.0250 0.2000
0.0300 0.1667
0.0350 0.1429
0.0400 0.1250
0.0450 0.1111
0.0500 0.1000
0.0550 0.0909
0.0600 0.0833
0.0650 0.0769
0.0700 0.1429
0.0750 0.1333
0.0800 0.1250
0.0850 0.1176
0.0900 0.1111
0.0950 0.1053
0.1000 0.1000
0.1050 0.0952
0.1100 0.0909
0.1150 0.0870
0.1200 0.1250
0.1250 0.1600
0.1300 0.1923
0.1350 0.2222
0.1400 0.2143
0.1450 0.2069
0.1500 0.2000
0.1550 0.1935
0.1600 0.1875
0.1650 0.1818
0.1700 0.1765
0.1750 0.2000
0.1800 0.1944
0.1850 0.1892
0.1900 0.2105
0.1950 0.2051
0.2000 0.2000
0.2050 0.1951
0.2100 0.1905
0.2150 0.1860
0.2200 0.1818
0.2250 0.1778
0.2300 0.1739
0.2350 0.1702
0.2400 0.1667
0.2450 0.1837
0.2500 0.1800
0.2550 0.1765
0.2600 0.1923
0.2650 0.2075
0.2700 0.2037
0.2750 0.2000
0.2800 0.1964
0.2850 0.1930
0.2900 0.1897
0.2950 0.1864
0.3000 0.1833
0.3050 0.1803
0.3100 0.1774
0.3150 0.1746
0.3200 0.1719
0.3250 0.1692
0.3300 0.1667
0.3350 0.1642
0.3400 0.1618
0.3450 0.1739
0.3500 0.1714
0.3550 0.1690
0.3600 0.1667
0.3650 0.1644
0.3700 0.1622
0.3750 0.1600
0.3800 0.1711
0.3850 0.1688
0.3900 0.1667
0.3950 0.1646
0.4000 0.1625
0.4050 0.1728
0.4100 0.1829
0.4150 0.1807
0.4200 0.1786
0.4250 0.1765
0.4300 0.1744
0.4350 0.1724
0.4400 0.1705
0.4450 0.1685
0.4500 0.1667
0.4550 0.1648
0.4600 0.1630
0.4650 0.1613
0.4700 0.1596
0.4750 0.1579
0.4800 0.1667
0.4850 0.1649
0.4900 0.1735
0.4950 0.1717
0.5000 0.1700
0.5050 0.1683
0.5100 0.1667
0.5150 0.1650
0.5200 0.1635
0.5250 0.1619
0.5300 0.1604
0.5350 0.1589
0.5400 0.1574
0.5450 0.1651
0.5500 0.1636
0.5550 0.1622
0.5600 0.1607
0.5650 0.1593
0.5700 0.1579
0.5750 0.1565
0.5800 0.1552
0.5850 0.1624
0.5900 0.1695
0.5950 0.1765
0.6000 0.1750
0.6050 0.1736
0.6100 0.1721
0.6150 0.1707
0.6200 0.1694
0.6250 0.1680
0.6300 0.1667
0.6350 0.1654
0.6400 0.1641
0.6450 0.1628
0.6500 0.1692
0.6550 0.1756
0.6600 0.1742
0.6650 0.1729
0.6700 0.1716
0.6750 0.1704
0.6800 0.1691
0.6850 0.1679
0.6900 0.1667
0.6950 0.1655
0.7000 0.1643
0.7050 0.1631
0.7100 0.1620
0.7150 0.1608
0.7200 0.1597
0.7250 0.1586
0.7300 0.1575
0.7350 0.1565
0.7400 0.1554
0.7450 0.1544
0.7500 0.1533
0.7550 0.1523
0.7600 0.1513
0.7650 0.1503
0.7700 0.1558
0.7750 0.1548
0.7800 0.1538
0.7850 0.1529
0.7900 0.1519
0.7950 0.1509
0.8000 0.1500
0.8050 0.1491
0.8100 0.1481
0.8150 0.1534
0.8200 0.1524
0.8250 0.1515
0.8300 0.1506
0.8350 0.1497
0.8400 0.1548
0.8450 0.1538
0.8500 0.1529
0.8550 0.1520
0.8600 0.1512
0.8650 0.1561
0.8700 0.1609
0.8750 0.1657
0.8800 0.1705
0.8850 0.1751
0.8900 0.1798
0.8950 0.1788
0.9000 0.1833
0.9050 0.1878
0.9100 0.1923
0.9150 0.1967
0.9200 0.2011
0.9250 0.2054
0.9300 0.2097
0.9350 0.2139
0.9400 0.2181
0.9450 0.2222
0.9500 0.2211
0.9550 0.2251
0.9600 0.2292
0.9650 0.2332
0.9700 0.2371
0.9750 0.2410
0.9800 0.2449
0.9850 0.2487
0.9900 0.2525
0.9950 0.2563
1.0000 0.2600
