coverage risk
0.0050 0.0000
0.0100 0.0000
0.0150 0.0000
0.0200 0.0000
0.0250 0.0000
0.0300 0.0000
0.0350 0.0000
0.0400 0.0000
0.0450 0.0000
0.0500 0.0000
0.0550 0.0000
0.0600 0.0000
0.0650 0.0000
0.0700 0.0000
0.0750 0.0000
0.0800 0.0000
0.0850 0.0000
0.0900 0.0556
0.0950 0.0526
0.1000 0.0500
0.1050 0.0952
0.1100 0.0909
0.1150 0.0870
0.1200 0.0833
0.1250 0.0800
0.1300 0.1154
0.1350 0.1111
0.1400 0.1071
0.1450 0.1034
0.1500 0.1000
0.1550 0.0968
0.1600 0.0938
0.1650 0.0909
0.1700 0.0882
0.1750 0.0857
0.1800 0.0833
0.1850 0.0811
0.1900 0.0789
0.1950 0.0769
0.2000 0.0750
0.2050 0.0732
0.2100 0.0714
0.2150 0.0698
0.2200 0.0682
0.2250 0.0667
0.2300 0.0652
0.2350 0.0638
0.2400 0.0625
0.2450 0.0612
0.2500 0.0600
0.2550 0.0588
0.2600 0.0577
0.2650 0.0566
0.2700 0.0741
0.2750 0.0727
0.2800 0.0714
0.2850 0.0702
0.2900 0.0690
0.2950 0.0678
0.3000 0.0833
0.3050 0.0820
0.3100 0.0806
0.3150 0.0952
0.3200 0.0938
0.3250 0.0923
0.3300 0.0909
0.3350 0.1045
0.3400 0.1029
0.3450 0.1014
0.3500 0.1000
0.3550 0.0986
0.3600 0.0972
0.3650 0.1096
0.3700 0.1081
0.3750 0.1067
0.3800 0.1053
0.3850 0.1039
0.3900 0.1154
0.3950 0.1139
0.4000 0.1125
0.4050 0.1111
0.4100 0.1098
0.4150 0.1084
0.4200 0.1071
0.4250 0.1059
0.4300 0.1163
0.4350 0.1149
0.4400 0.1136
0.4450 0.1236
0.4500 0.1333
0.4550 0.1319
0.4600 0.1304
0.4650 0.1290
0.4700 0.1277
0.4750 0.1263
0.4800 0.1250
0.4850 0.1340
0.4900 0.1429
0.4950 0.1414
0.5000 0.1500
0.5050 0.1584
0.5100 0.1667
0.5150 0.1748
0.5200 0.1731
0.5250 0.1810
0.5300 0.1792
0.5350 0.1869
0.5400 0.1944
0.5450 0.1927
0.5500 0.1909
0.5550 0.1892
0.5600 0.1964
0.5650 0.2035
0.5700 0.2105
0.5750 0.2174
0.5800 0.2155
0.5850 0.2137
0.5900 0.2119
0.5950 0.2185
0.6000 0.2250
0.6050 0.2231
0.6100 0.2213
0.6150 0.2195
0.6200 0.2258
0.6250 0.2240
0.6300 0.2222
0.6350 0.2205
0.6400 0.2266
0.6450 0.2248
0.6500 0.2231
0.6550 0.2214
0.6600 0.2197
0.6650 0.2256
0.6700 0.2239
0.6750 0.2222
0.6800 0.2206
0.6850 0.2263
0.6900 0.2246
0.6950 0.2302
0.7000 0.2286
0.7050 0.2270
0.7100 0.2254
0.7150 0.2308
0.7200 0.2361
0.7250 0.2414
0.7300 0.2397
0.7350 0.2449
0.7400 0.2432
0.7450 0.2483
0.7500 0.2533
0.7550 0.2517
0.7600 0.2500
0.7650 0.2549
0.7700 0.2597
0.7750 0.2645
0.7800 0.2692
0.7850 0.2675
0.7900 0.2722
0.7950 0.2704
0.8000 0.2750
0.8050 0.2795
0.8100 0.2778
0.8150 0.2822
0.8200 0.2866
0.8250 0.2909
0.8300 0.2892
0.8350 0.2934
0.8400 0.2976
0.8450 0.3018
0.8500 0.3059
0.8550 0.3099
0.8600 0.3140
0.8650 0.3179
0.8700 0.3218
0.8750 0.3200
0.8800 0.3239
0.8850 0.3277
0.8900 0.3315
0.8950 0.3296
0.9000 0.3333
0.9050 0.3370
0.9100 0.3407
0.9150 0.3443
0.9200 0.3424
0.9250 0.3459
0.9300 0.3495
0.9350 0.3529
0.9400 0.3564
0.9450 0.3545
0.9500 0.3579
0.9550 0.3613
0.9600 0.3646
0.9650 0.3679
0.9700 0.3711
0.9750 0.3744
0.9800 0.3724
0.9850 0.3756
0.9900 0.3788
0.9950 0.3819
1.0000 0.3850
