coverage risk
0.0050 0.0000
0.0100 0.0000
0.0150 0.0000
0.0200 0.0000
0.0250 0.2000
0.0300 0.1667
0.0350 0.1429
0.0400 0.1250
0.0450 0.2222
0.0500 0.2000
0.0550 0.2727
0.0600 0.3333
0.0650 0.3077
0.0700 0.2857
0.0750 0.2667
0.0800 0.2500
0.0850 0.2353
0.0900 0.2222
0.0950 0.2105
0.1000 0.2000
0.1050 0.2381
0.1100 0.2273
0.1150 0.2174
0.1200 0.2083
0.1250 0.2000
0.1300 0.1923
0.1350 0.1852
0.1400 0.1786
0.1450 0.1724
0.1500 0.1667
0.1550 0.1613
0.1600 0.1562
0.1650 0.1515
0.1700 0.1765
0.1750 0.1714
0.1800 0.1667
0.1850 0.1622
0.1900 0.1579
0.1950 0.1795
0.2000 0.2000
0.2050 0.1951
0.2100 0.1905
0.2150 0.2093
0.2200 0.2045
0.2250 0.2000
0.2300 0.1957
0.2350 0.2128
0.2400 0.2292
0.2450 0.2449
0.2500 0.2400
0.2550 0.2353
0.2600 0.2500
0.2650 0.2453
0.2700 0.2407
0.2750 0.2364
0.2800 0.2321
0.2850 0.2456
0.2900 0.2414
0.2950 0.2373
0.3000 0.2500
0.3050 0.2459
0.3100 0.2419
0.3150 0.2381
0.3200 0.2500
0.3250 0.2462
0.3300 0.2576
0.3350 0.2687
0.3400 0.2647
0.3450 0.2609
0.3500 0.2571
0.3550 0.2535
0.3600 0.2639
0.3650 0.2603
0.3700 0.2703
0.3750 0.2667
0.3800 0.2632
0.3850 0.2597
0.3900 0.2692
0.3950 0.2785
0.4000 0.2875
0.4050 0.2840
0.4100 0.2805
0.4150 0.2771
0.4200 0.2738
0.4250 0.2706
0.4300 0.2674
0.4350 0.2759
0.4400 0.2841
0.4450 0.2809
0.4500 0.2778
0.4550 0.2747
0.4600 0.2717
0.4650 0.2688
0.4700 0.2766
0.4750 0.2737
0.4800 0.2812
0.4850 0.2887
0.4900 0.2857
0.4950 0.2828
0.5000 0.2800
0.5050 0.2871
0.5100 0.2843
0.5150 0.2816
0.5200 0.2885
0.5250 0.2857
0.5300 0.2830
0.5350 0.2897
0.5400 0.2870
0.5450 0.2936
0.5500 0.3000
0.5550 0.2973
0.5600 0.3036
0.5650 0.3009
0.5700 0.3070
0.5750 0.3043
0.5800 0.3103
0.5850 0.3162
0.5900 0.3136
0.5950 0.3193
0.6000 0.3250
0.6050 0.3223
0.6100 0.3279
0.6150 0.3252
0.6200 0.3306
0.6250 0.3360
0.6300 0.3333
0.6350 0.3386
0.6400 0.3359
0.6450 0.3333
0.6500 0.3308
0.6550 0.3282
0.6600 0.3258
0.6650 0.3233
0.6700 0.3209
0.6750 0.3185
0.6800 0.3162
0.6850 0.3212
0.6900 0.3188
0.6950 0.3165
0.7000 0.3143
0.7050 0.3191
0.7100 0.3239
0.7150 0.3217
0.7200 0.3194
0.7250 0.3172
0.7300 0.3151
0.7350 0.3197
0.7400 0.3176
0.7450 0.3154
0.7500 0.3133
0.7550 0.3179
0.7600 0.3158
0.7650 0.3203
0.7700 0.3182
0.7750 0.3226
0.7800 0.3205
0.7850 0.3248
0.7900 0.3291
0.7950 0.3333
0.8000 0.3375
0.8050 0.3416
0.8100 0.3395
0.8150 0.3374
0.8200 0.3415
0.8250 0.3394
0.8300 0.3434
0.8350 0.3473
0.8400 0.3452
0.8450 0.3491
0.8500 0.3529
0.8550 0.3509
0.8600 0.3547
0.8650 0.3584
0.8700 0.3621
0.8750 0.3657
0.8800 0.3693
0.8850 0.3672
0.8900 0.3708
0.8950 0.3743
0.9000 0.3778
0.9050 0.3812
0.9100 0.3846
0.9150 0.3880
0.9200 0.3913
0.9250 0.3946
0.9300 0.3978
0.9350 0.4011
0.9400 0.4043
0.9450 0.4074
0.9500 0.4105
0.9550 0.4136
0.9600 0.4167
0.9650 0.4197
0.9700 0.4227
0.9750 0.4256
0.9800 0.4286
0.9850 0.4315
0.9900 0.4343
0.9950 0.4372
1.0000 0.4400
