coverage risk
0.0050 0.0000
0.0100 0.0000
0.0150 0.0000
0.0200 0.0000
0.0250 0.0000
0.0300 0.0000
0.0350 0.0000
0.0400 0.0000
0.0450 0.0000
0.0500 0.0000
0.0550 0.0000
0.0600 0.0000
0.0650 0.0000
0.0700 0.0000
0.0750 0.0000
0.0800 0.0000
0.0850 0.0000
0.0900 0.0000
0.0950 0.0000
0.1000 0.0000
0.1050 0.0000
0.1100 0.0000
0.1150 0.0000
0.1200 0.0000
0.1250 0.0000
0.1300 0.0000
0.1350 0.0000
0.1400 0.0000
0.1450 0.0000
0.1500 0.0000
0.1550 0.0000
0.1600 0.0000
0.1650 0.0000
0.1700 0.0000
0.1750 0.0000
0.1800 0.0000
0.1850 0.0000
0.1900 0.0000
0.1950 0.0000
0.2000 0.0000
0.2050 0.0000
0.2100 0.0000
0.2150 0.0000
0.2200 0.0000
0.2250 0.0000
0.2300 0.0000
0.2350 0.0000
0.2400 0.0000
0.2450 0.0000
0.2500 0.0000
0.2550 0.0000
0.2600 0.0000
0.2650 0.0000
0.2700 0.0000
0.2750 0.0000
0.2800 0.0000
0.2850 0.0000
0.2900 0.0000
0.2950 0.0000
0.3000 0.0000
0.3050 0.0000
0.3100 0.0000
0.3150 0.0000
0.3200 0.0000
0.3250 0.0000
0.3300 0.0000
0.3350 0.0000
0.3400 0.0000
0.3450 0.0000
0.3500 0.0000
0.3550 0.0000
0.3600 0.0000
0.3650 0.0000
0.3700 0.0000
0.3750 0.0000
0.3800 0.0000
0.3850 0.0000
0.3900 0.0000
0.3950 0.0000
0.4000 0.0000
0.4050 0.0000
0.4100 0.0000
0.4150 0.0000
0.4200 0.0000
0.4250 0.0000
0.4300 0.0000
0.4350 0.0000
0.4400 0.0000
0.4450 0.0000
0.4500 0.0000
0.4550 0.0000
0.4600 0.0000
0.4650 0.0000
0.4700 0.0000
0.4750 0.0000
0.4800 0.0000
0.4850 0.0103
0.4900 0.0102
0.4950 0.0101
0.5000 0.0100
0.5050 0.0099
0.5100 0.0098
0.5150 0.0097
0.5200 0.0192
0.5250 0.0190
0.5300 0.0189
0.5350 0.0187
0.5400 0.0185
0.5450 0.0183
0.5500 0.0182
0.5550 0.0180
0.5600 0.0179
0.5650 0.0177
0.5700 0.0175
0.5750 0.0174
0.5800 0.0172
0.5850 0.0171
0.5900 0.0169
0.5950 0.0168
0.6000 0.0167
0.6050 0.0165
0.6100 0.0164
0.6150 0.0163
0.6200 0.0161
0.6250 0.0160
0.6300 0.0159
0.6350 0.0157
0.6400 0.0156
0.6450 0.0155
0.6500 0.0154
0.6550 0.0229
0.6600 0.0227
0.6650 0.0226
0.6700 0.0224
0.6750 0.0222
0.6800 0.0221
0.6850 0.0292
0.6900 0.0290
0.6950 0.0288
0.7000 0.0286
0.7050 0.0284
0.7100 0.0282
0.7150 0.0280
0.7200 0.0278
0.7250 0.0276
0.7300 0.0274
0.7350 0.0272
0.7400 0.0338
0.7450 0.0336
0.7500 0.0333
0.7550 0.0331
0.7600 0.0329
0.7650 0.0392
0.7700 0.0390
0.7750 0.0387
0.7800 0.0449
0.7850 0.0510
0.7900 0.0506
0.7950 0.0503
0.8000 0.0563
0.8050 0.0559
0.8100 0.0617
0.8150 0.0613
0.8200 0.0671
0.8250 0.0727
0.8300 0.0723
0.8350 0.0778
0.8400 0.0774
0.8450 0.0769
0.8500 0.0824
0.8550 0.0819
0.8600 0.0814
0.8650 0.0867
0.8700 0.0920
0.8750 0.0971
0.8800 0.1023
0.8850 0.1073
0.8900 0.1124
0.8950 0.1173
0.9000 0.1167
0.9050 0.1215
0.9100 0.1264
0.9150 0.1311
0.9200 0.1304
0.9250 0.1351
0.9300 0.1398
0.9350 0.1444
0.9400 0.1489
0.9450 0.1534
0.9500 0.1579
0.9550 0.1623
0.9600 0.1667
0.9650 0.1710
0.9700 0.1753
0.9750 0.1795
0.9800 0.1837
0.9850 0.1878
0.9900 0.1919
0.9950 0.1960
1.0000 0.2000
