coverage risk
0.0050 0.0000
0.0100 0.0000
0.0150 0.0000
0.0200 0.0000
0.0250 0.0000
0.0300 0.0000
0.0350 0.0000
0.0400 0.0000
0.0450 0.0000
0.0500 0.0000
0.0550 0.0000
0.0600 0.0000
0.0650 0.0000
0.0700 0.0000
0.0750 0.0000
0.0800 0.0000
0.0850 0.0000
0.0900 0.0000
0.0950 0.0000
0.1000 0.0000
0.1050 0.0000
0.1100 0.0000
0.1150 0.0000
0.1200 0.0000
0.1250 0.0000
0.1300 0.0000
0.1350 0.0370
0.1400 0.0357
0.1450 0.0345
0.1500 0.0333
0.1550 0.0323
0.1600 0.0312
0.1650 0.0303
0.1700 0.0294
0.1750 0.0286
0.1800 0.0278
0.1850 0.0270
0.1900 0.0263
0.1950 0.0256
0.2000 0.0250
0.2050 0.0244
0.2100 0.0238
0.2150 0.0233
0.2200 0.0227
0.2250 0.0222
0.2300 0.0217
0.2350 0.0426
0.2400 0.0417
0.2450 0.0408
0.2500 0.0400
0.2550 0.0392
0.2600 0.0385
0.2650 0.0377
0.2700 0.0370
0.2750 0.0364
0.2800 0.0357
0.2850 0.0351
0.2900 0.0345
0.2950 0.0339
0.3000 0.0333
0.3050 0.0328
0.3100 0.0323
0.3150 0.0317
0.3200 0.0312
0.3250 0.0308
0.3300 0.0303
0.3350 0.0299
0.3400 0.0294
0.3450 0.0290
0.3500 0.0286
0.3550 0.0282
0.3600 0.0278
0.3650 0.0274
0.3700 0.0270
0.3750 0.0267
0.3800 0.0263
0.3850 0.0260
0.3900 0.0256
0.3950 0.0253
0.4000 0.0250
0.4050 0.0247
0.4100 0.0244
0.4150 0.0241
0.4200 0.0238
0.4250 0.0235
0.4300 0.0233
0.4350 0.0230
0.4400 0.0227
0.4450 0.0225
0.4500 0.0222
0.4550 0.0220
0.4600 0.0217
0.4650 0.0215
0.4700 0.0213
0.4750 0.0211
0.4800 0.0208
0.4850 0.0206
0.4900 0.0204
0.4950 0.0202
0.5000 0.0200
0.5050 0.0198
0.5100 0.0196
0.5150 0.0194
0.5200 0.0192
0.5250 0.0190
0.5300 0.0189
0.5350 0.0280
0.5400 0.0370
0.5450 0.0367
0.5500 0.0364
0.5550 0.0360
0.5600 0.0357
0.5650 0.0354
0.5700 0.0351
0.5750 0.0435
0.5800 0.0431
0.5850 0.0427
0.5900 0.0424
0.5950 0.0420
0.6000 0.0417
0.6050 0.0413
0.6100 0.0410
0.6150 0.0407
0.6200 0.0403
0.6250 0.0400
0.6300 0.0397
0.6350 0.0394
0.6400 0.0391
0.6450 0.0465
0.6500 0.0462
0.6550 0.0458
0.6600 0.0455
0.6650 0.0526
0.6700 0.0522
0.6750 0.0593
0.6800 0.0588
0.6850 0.0584
0.6900 0.0580
0.6950 0.0647
0.7000 0.0714
0.7050 0.0709
0.7100 0.0775
0.7150 0.0839
0.7200 0.0833
0.7250 0.0828
0.7300 0.0822
0.7350 0.0816
0.7400 0.0811
0.7450 0.0805
0.7500 0.0867
0.7550 0.0861
0.7600 0.0855
0.7650 0.0850
0.7700 0.0909
0.7750 0.0903
0.7800 0.0897
0.7850 0.0892
0.7900 0.0886
0.7950 0.0881
0.8000 0.0875
0.8050 0.0870
0.8100 0.0864
0.8150 0.0859
0.8200 0.0915
0.8250 0.0909
0.8300 0.0904
0.8350 0.0898
0.8400 0.0952
0.8450 0.1006
0.8500 0.1059
0.8550 0.1111
0.8600 0.1105
0.8650 0.1156
0.8700 0.1207
0.8750 0.1257
0.8800 0.1307
0.8850 0.1356
0.8900 0.1404
0.8950 0.1397
0.9000 0.1444
0.9050 0.1492
0.9100 0.1484
0.9150 0.1530
0.9200 0.1576
0.9250 0.1622
0.9300 0.1667
0.9350 0.1711
0.9400 0.1755
0.9450 0.1799
0.9500 0.1842
0.9550 0.1885
0.9600 0.1927
0.9650 0.1969
0.9700 0.1959
0.9750 0.1949
0.9800 0.1990
0.9850 0.2030
0.9900 0.2071
0.9950 0.2111
1.0000 0.2150
