coverage risk
0.0050 0.0000
0.0100 0.0000
0.0150 0.0000
0.0200 0.0000
0.0250 0.0000
0.0300 0.0000
0.0350 0.0000
0.0400 0.0000
0.0450 0.0000
0.0500 0.0000
0.0550 0.0000
0.0600 0.0000
0.0650 0.0000
0.0700 0.0000
0.0750 0.0667
0.0800 0.0625
0.0850 0.0588
0.0900 0.0556
0.0950 0.0526
0.1000 0.0500
0.1050 0.0476
0.1100 0.0455
0.1150 0.0435
0.1200 0.0417
0.1250 0.0400
0.1300 0.0385
0.1350 0.0370
0.1400 0.0357
0.1450 0.0345
0.1500 0.0667
0.1550 0.0968
0.1600 0.1250
0.1650 0.1515
0.1700 0.1765
0.1750 0.2000
0.1800 0.2222
0.1850 0.2432
0.1900 0.2632
0.1950 0.2821
0.2000 0.3000
0.2050 0.2927
0.2100 0.3095
0.2150 0.3256
0.2200 0.3182
0.2250 0.3111
0.2300 0.3043
0.2350 0.2979
0.2400 0.3125
0.2450 0.3061
0.2500 0.3000
0.2550 0.2941
0.2600 0.2885
0.2650 0.2830
0.2700 0.2778
0.2750 0.2909
0.2800 0.2857
0.2850 0.2982
0.2900 0.2931
0.2950 0.2881
0.3000 0.3000
0.3050 0.2951
0.3100 0.2903
0.3150 0.2857
0.3200 0.2969
0.3250 0.2923
0.3300 0.2879
0.3350 0.2836
0.3400 0.2794
0.3450 0.2754
0.3500 0.2714
0.3550 0.2676
0.3600 0.2639
0.3650 0.2603
0.3700 0.2568
0.3750 0.2533
0.3800 0.2632
0.3850 0.2597
0.3900 0.2564
0.3950 0.2532
0.4000 0.2500
0.4050 0.2469
0.4100 0.2561
0.4150 0.2651
0.4200 0.2738
0.4250 0.2824
0.4300 0.2907
0.4350 0.2989
0.4400 0.2955
0.4450 0.2921
0.4500 0.2889
0.4550 0.2857
0.4600 0.2826
0.4650 0.2796
0.4700 0.2766
0.4750 0.2737
0.4800 0.2708
0.4850 0.2680
0.4900 0.2653
0.4950 0.2626
0.5000 0.2600
0.5050 0.2574
0.5100 0.2647
0.5150 0.2621
0.5200 0.2596
0.5250 0.2571
0.5300 0.2547
0.5350 0.2523
0.5400 0.2593
0.5450 0.2569
0.5500 0.2545
0.5550 0.2613
0.5600 0.2679
0.5650 0.2743
0.5700 0.2719
0.5750 0.2696
0.5800 0.2672
0.5850 0.2650
0.5900 0.2712
0.5950 0.2689
0.6000 0.2667
0.6050 0.2727
0.6100 0.2787
0.6150 0.2764
0.6200 0.2742
0.6250 0.2720
0.6300 0.2778
0.6350 0.2835
0.6400 0.2891
0.6450 0.2868
0.6500 0.2846
0.6550 0.2901
0.6600 0.2879
0.6650 0.2857
0.6700 0.2836
0.6750 0.2815
0.6800 0.2794
0.6850 0.2774
0.6900 0.2754
0.6950 0.2734
0.7000 0.2786
0.7050 0.2837
0.7100 0.2887
0.7150 0.2937
0.7200 0.2986
0.7250 0.3034
0.7300 0.3014
0.7350 0.2993
0.7400 0.2973
0.7450 0.2953
0.7500 0.3000
0.7550 0.3046
0.7600 0.3026
0.7650 0.3007
0.7700 0.2987
0.7750 0.3032
0.7800 0.3013
0.7850 0.3057
0.7900 0.3038
0.7950 0.3019
0.8000 0.3000
0.8050 0.3043
0.8100 0.3086
0.8150 0.3129
0.8200 0.3171
0.8250 0.3152
0.8300 0.3193
0.8350 0.3234
0.8400 0.3274
0.8450 0.3254
0.8500 0.3294
0.8550 0.3333
0.8600 0.3314
0.8650 0.3295
0.8700 0.3333
0.8750 0.3314
0.8800 0.3352
0.8850 0.3390
0.8900 0.3371
0.8950 0.3408
0.9000 0.3444
0.9050 0.3425
0.9100 0.3462
0.9150 0.3497
0.9200 0.3533
0.9250 0.3568
0.9300 0.3602
0.9350 0.3583
0.9400 0.3617
0.9450 0.3651
0.9500 0.3684
0.9550 0.3717
0.9600 0.3750
0.9650 0.3782
0.9700 0.3814
0.9750 0.3846
0.9800 0.3878
0.9850 0.3909
0.9900 0.3939
0.9950 0.3970
1.0000 0.4000
