coverage risk
0.0050 0.0000
0.0100 0.0000
0.0150 0.0000
0.0200 0.0000
0.0250 0.0000
0.0300 0.0000
0.0350 0.0000
0.0400 0.0000
0.0450 0.0000
0.0500 0.0000
0.0550 0.0000
0.0600 0.0000
0.0650 0.0000
0.0700 0.0000
0.0750 0.0000
0.0800 0.0000
0.0850 0.0000
0.0900 0.0000
0.0950 0.0000
0.1000 0.0000
0.1050 0.0000
0.1100 0.0000
0.1150 0.0000
0.1200 0.0000
0.1250 0.0000
0.1300 0.0000
0.1350 0.0000
0.1400 0.0000
0.1450 0.0000
0.1500 0.0000
0.1550 0.0000
0.1600 0.0000
0.1650 0.0000
0.1700 0.0000
0.1750 0.0000
0.1800 0.0000
0.1850 0.0000
0.1900 0.0000
0.1950 0.0000
0.2000 0.0000
0.2050 0.0000
0.2100 0.0000
0.2150 0.0000
0.2200 0.0000
0.2250 0.0000
0.2300 0.0000
0.2350 0.0000
0.2400 0.0000
0.2450 0.0000
0.2500 0.0000
0.2550 0.0000
0.2600 0.0000
0.2650 0.0000
0.2700 0.0000
0.2750 0.0000
0.2800 0.0000
0.2850 0.0000
0.2900 0.0000
0.2950 0.0000
0.3000 0.0000
0.3050 0.0000
0.3100 0.0000
0.3150 0.0000
0.3200 0.0000
0.3250 0.0000
0.3300 0.0000
0.3350 0.0000
0.3400 0.0000
0.3450 0.0000
0.3500 0.0000
0.3550 0.0000
0.3600 0.0000
0.3650 0.0000
0.3700 0.0000
0.3750 0.0000
0.3800 0.0000
0.3850 0.0000
0.3900 0.0000
0.3950 0.0000
0.4000 0.0000
0.4050 0.0000
0.4100 0.0000
0.4150 0.0000
0.4200 0.0000
0.4250 0.0000
0.4300 0.0000
0.4350 0.0000
0.4400 0.0000
0.4450 0.0000
0.4500 0.0000
0.4550 0.0000
0.4600 0.0000
0.4650 0.0108
0.4700 0.0106
0.4750 0.0105
0.4800 0.0104
0.4850 0.0103
0.4900 0.0102
0.4950 0.0101
0.5000 0.0100
0.5050 0.0099
0.5100 0.0098
0.5150 0.0097
0.5200 0.0096
0.5250 0.0095
0.5300 0.0094
0.5350 0.0093
0.5400 0.0093
0.5450 0.0092
0.5500 0.0091
0.5550 0.0090
0.5600 0.0089
0.5650 0.0088
0.5700 0.0088
0.5750 0.0087
0.5800 0.0086
0.5850 0.0085
0.5900 0.0085
0.5950 0.0084
0.6000 0.0083
0.6050 0.0083
0.6100 0.0082
0.6150 0.0081
0.6200 0.0081
0.6250 0.0080
0.6300 0.0079
0.6350 0.0079
0.6400 0.0156
0.6450 0.0155
0.6500 0.0154
0.6550 0.0153
0.6600 0.0152
0.6650 0.0150
0.6700 0.0149
0.6750 0.0148
0.6800 0.0221
0.6850 0.0219
0.6900 0.0217
0.6950 0.0216
0.7000 0.0214
0.7050 0.0213
0.7100 0.0211
0.7150 0.0210
0.7200 0.0208
0.7250 0.0207
0.7300 0.0205
0.7350 0.0204
0.7400 0.0203
0.7450 0.0201
0.7500 0.0200
0.7550 0.0199
0.7600 0.0197
0.7650 0.0196
0.7700 0.0195
0.7750 0.0194
0.7800 0.0192
0.7850 0.0255
0.7900 0.0253
0.7950 0.0314
0.8000 0.0375
0.8050 0.0435
0.8100 0.0494
0.8150 0.0552
0.8200 0.0549
0.8250 0.0606
0.8300 0.0602
0.8350 0.0659
0.8400 0.0655
0.8450 0.0710
0.8500 0.0765
0.8550 0.0819
0.8600 0.0814
0.8650 0.0867
0.8700 0.0920
0.8750 0.0971
0.8800 0.1023
0.8850 0.1017
0.8900 0.1067
0.8950 0.1061
0.9000 0.1111
0.9050 0.1160
0.9100 0.1209
0.9150 0.1257
0.9200 0.1304
0.9250 0.1351
0.9300 0.1344
0.9350 0.1390
0.9400 0.1436
0.9450 0.1481
0.9500 0.1526
0.9550 0.1571
0.9600 0.1615
0.9650 0.1658
0.9700 0.1701
0.9750 0.1744
0.9800 0.1786
0.9850 0.1827
0.9900 0.1869
0.9950 0.1910
1.0000 0.1950
