coverage risk
0.0050 0.0000
0.0100 0.5000
0.0150 0.3333
0.0200 0.2500
0.0250 0.2000
0.0300 0.1667
0.0350 0.1429
0.0400 0.1250
0.0450 0.1111
0.0500 0.1000
0.0550 0.0909
0.0600 0.0833
0.0650 0.0769
0.0700 0.0714
0.0750 0.0667
0.0800 0.0625
0.0850 0.0588
0.0900 0.0556
0.0950 0.0526
0.1000 0.0500
0.1050 0.0476
0.1100 0.0455
0.1150 0.0435
0.1200 0.0417
0.1250 0.0400
0.1300 0.0385
0.1350 0.0370
0.1400 0.0357
0.1450 0.0345
0.1500 0.0333
0.1550 0.0323
0.1600 0.0312
0.1650 0.0303
0.1700 0.0294
0.1750 0.0286
0.1800 0.0278
0.1850 0.0270
0.1900 0.0526
0.1950 0.0769
0.2000 0.1000
0.2050 0.0976
0.2100 0.0952
0.2150 0.0930
0.2200 0.0909
0.2250 0.0889
0.2300 0.0870
0.2350 0.0851
0.2400 0.0833
0.2450 0.0816
0.2500 0.0800
0.2550 0.0784
0.2600 0.0769
0.2650 0.0755
0.2700 0.0741
0.2750 0.0727
0.2800 0.0714
0.2850 0.0702
0.2900 0.0690
0.2950 0.0678
0.3000 0.0667
0.3050 0.0656
0.3100 0.0645
0.3150 0.0635
0.3200 0.0625
0.3250 0.0615
0.3300 0.0606
0.3350 0.0597
0.3400 0.0588
0.3450 0.0580
0.3500 0.0571
0.3550 0.0563
0.3600 0.0556
0.3650 0.0548
0.3700 0.0541
0.3750 0.0667
0.3800 0.0658
0.3850 0.0649
0.3900 0.0641
0.3950 0.0759
0.4000 0.0750
0.4050 0.0741
0.4100 0.0854
0.4150 0.0843
0.4200 0.0833
0.4250 0.0824
0.4300 0.0814
0.4350 0.0920
0.4400 0.1023
0.4450 0.1011
0.4500 0.1000
0.4550 0.0989
0.4600 0.1087
0.4650 0.1075
0.4700 0.1170
0.4750 0.1158
0.4800 0.1250
0.4850 0.1237
0.4900 0.1327
0.4950 0.1313
0.5000 0.1300
0.5050 0.1287
0.5100 0.1275
0.5150 0.1262
0.5200 0.1346
0.5250 0.1333
0.5300 0.1321
0.5350 0.1308
0.5400 0.1296
0.5450 0.1284
0.5500 0.1273
0.5550 0.1261
0.5600 0.1250
0.5650 0.1239
0.5700 0.1228
0.5750 0.1217
0.5800 0.1207
0.5850 0.1197
0.5900 0.1186
0.5950 0.1176
0.6000 0.1167
0.6050 0.1157
0.6100 0.1148
0.6150 0.1138
0.6200 0.1129
0.6250 0.1120
0.6300 0.1111
0.6350 0.1102
0.6400 0.1094
0.6450 0.1085
0.6500 0.1077
0.6550 0.1069
0.6600 0.1061
0.6650 0.1053
0.6700 0.1045
0.6750 0.1037
0.6800 0.1029
0.6850 0.1022
0.6900 0.1014
0.6950 0.1007
0.7000 0.1000
0.7050 0.0993
0.7100 0.0986
0.7150 0.0979
0.7200 0.0972
0.7250 0.0966
0.7300 0.0959
0.7350 0.0952
0.7400 0.0946
0.7450 0.0940
0.7500 0.0933
0.7550 0.0927
0.7600 0.0987
0.7650 0.1046
0.7700 0.1039
0.7750 0.1032
0.7800 0.1090
0.7850 0.1146
0.7900 0.1203
0.7950 0.1258
0.8000 0.1313
0.8050 0.1366
0.8100 0.1358
0.8150 0.1411
0.8200 0.1463
0.8250 0.1455
0.8300 0.1506
0.8350 0.1557
0.8400 0.1607
0.8450 0.1598
0.8500 0.1647
0.8550 0.1637
0.8600 0.1686
0.8650 0.1676
0.8700 0.1724
0.8750 0.1714
0.8800 0.1761
0.8850 0.1751
0.8900 0.1742
0.8950 0.1788
0.9000 0.1778
0.9050 0.1823
0.9100 0.1813
0.9150 0.1803
0.9200 0.1793
0.9250 0.1838
0.9300 0.1882
0.9350 0.1925
0.9400 0.1968
0.9450 0.2011
0.9500 0.2053
0.9550 0.2042
0.9600 0.2031
0.9650 0.2021
0.9700 0.2062
0.9750 0.2051
0.9800 0.2041
0.9850 0.2081
0.9900 0.2071
0.9950 0.2060
1.0000 0.2050
