coverage risk
0.0050 0.0000
0.0100 0.0000
0.0150 0.0000
0.0200 0.0000
0.0250 0.2000
0.0300 0.1667
0.0350 0.2857
0.0400 0.3750
0.0450 0.3333
0.0500 0.3000
0.0550 0.3636
0.0600 0.4167
0.0650 0.4615
0.0700 0.5000
0.0750 0.5333
0.0800 0.5000
0.0850 0.4706
0.0900 0.4444
0.0950 0.4211
0.1000 0.4000
0.1050 0.3810
0.1100 0.3636
0.1150 0.3478
0.1200 0.3333
0.1250 0.3200
0.1300 0.3077
0.1350 0.2963
0.1400 0.2857
0.1450 0.2759
0.1500 0.3000
0.1550 0.2903
0.1600 0.2812
0.1650 0.2727
0.1700 0.2647
0.1750 0.2571
0.1800 0.2500
0.1850 0.2432
0.1900 0.2368
0.1950 0.2308
0.2000 0.2250
0.2050 0.2195
0.2100 0.2143
0.2150 0.2093
0.2200 0.2045
0.2250 0.2000
0.2300 0.1957
0.2350 0.1915
0.2400 0.1875
0.2450 0.1837
0.2500 0.2000
0.2550 0.1961
0.2600 0.1923
0.2650 0.1887
0.2700 0.2037
0.2750 0.2182
0.2800 0.2143
0.2850 0.2281
0.2900 0.2241
0.2950 0.2373
0.3000 0.2333
0.3050 0.2295
0.3100 0.2258
0.3150 0.2222
0.3200 0.2188
0.3250 0.2308
0.3300 0.2273
0.3350 0.2239
0.3400 0.2353
0.3450 0.2319
0.3500 0.2286
0.3550 0.2254
0.3600 0.2222
0.3650 0.2192
0.3700 0.2162
0.3750 0.2133
0.3800 0.2105
0.3850 0.2078
0.3900 0.2051
0.3950 0.2025
0.4000 0.2000
0.4050 0.1975
0.4100 0.1951
0.4150 0.1928
0.4200 0.1905
0.4250 0.1882
0.4300 0.1860
0.4350 0.1839
0.4400 0.1932
0.4450 0.1910
0.4500 0.1889
0.4550 0.1978
0.4600 0.1957
0.4650 0.1935
0.4700 0.1915
0.4750 0.1895
0.4800 0.1875
0.4850 0.1959
0.4900 0.1939
0.4950 0.1919
0.5000 0.1900
0.5050 0.1980
0.5100 0.2059
0.5150 0.2136
0.5200 0.2212
0.5250 0.2286
0.5300 0.2264
0.5350 0.2336
0.5400 0.2407
0.5450 0.2385
0.5500 0.2364
0.5550 0.2342
0.5600 0.2321
0.5650 0.2301
0.5700 0.2368
0.5750 0.2348
0.5800 0.2328
0.5850 0.2308
0.5900 0.2288
0.5950 0.2269
0.6000 0.2250
0.6050 0.2314
0.6100 0.2377
0.6150 0.2439
0.6200 0.2419
0.6250 0.2480
0.6300 0.2460
0.6350 0.2441
0.6400 0.2500
0.6450 0.2558
0.6500 0.2615
0.6550 0.2672
0.6600 0.2727
0.6650 0.2707
0.6700 0.2761
0.6750 0.2815
0.6800 0.2868
0.6850 0.2847
0.6900 0.2899
0.6950 0.2878
0.7000 0.2929
0.7050 0.2979
0.7100 0.3028
0.7150 0.3007
0.7200 0.3056
0.7250 0.3103
0.7300 0.3082
0.7350 0.3061
0.7400 0.3108
0.7450 0.3154
0.7500 0.3200
0.7550 0.3245
0.7600 0.3224
0.7650 0.3268
0.7700 0.3312
0.7750 0.3355
0.7800 0.3333
0.7850 0.3376
0.7900 0.3354
0.7950 0.3333
0.8000 0.3375
0.8050 0.3416
0.8100 0.3457
0.8150 0.3497
0.8200 0.3476
0.8250 0.3515
0.8300 0.3554
0.8350 0.3593
0.8400 0.3631
0.8450 0.3669
0.8500 0.3706
0.8550 0.3743
0.8600 0.3779
0.8650 0.3815
0.8700 0.3793
0.8750 0.3771
0.8800 0.3750
0.8850 0.3785
0.8900 0.3820
0.8950 0.3855
0.9000 0.3889
0.9050 0.3923
0.9100 0.3956
0.9150 0.3989
0.9200 0.4022
0.9250 0.4054
0.9300 0.4086
0.9350 0.4118
0.9400 0.4096
0.9450 0.4074
0.9500 0.4053
0.9550 0.4084
0.9600 0.4115
0.9650 0.4145
0.9700 0.4175
0.9750 0.4205
0.9800 0.4235
0.9850 0.4264
0.9900 0.4293
0.9950 0.4322
1.0000 0.4350
